15.896552 48.562500 49.805557
14.903226 29.500000 12.928572
11.500000 65.296295 20.000000
31.675676 17.550724 18.900000
57.483871 35.916668 1.861111
643.000000 0.372881 15.720589
24.438597 23.511627 3.094594
21.049999 46.947369 47.919998
4.436620 15.296296 1.123457
26.432432 12.140845 12.146341
11.730769 38.714287 56.000000
28.200001 22.637932 1.291667
34.391304 11.970589 22.061539
0.843137 120.777779 16.151899
21.035294 26.980770 7.540000
31.672131 24.289856 133.769226
2.597701 2.350000 11.197183
18.151899 733.500000 32.333332
14.161290 11.438597 16.061728
6.809524 20.722221 22.200001
14.666667 1.722222 1.347222
6.328948 25.321428 9.947369
27.722221 8.878788 15.547619
8.760000 21.222221 57.733334
75.150002 3.913043 106.750000
6.800000 74.833336 13.434783
16.269230 16.446428 4.258427
60.827587 36.098038 1193.000000
15.907692 8.266666 17.315790
18.945652 3.439394 50.243244
27.538462 15.068966 159.375000
67.000000 8.937500 0.763158
2.500000 62.689655 11.916667
64.266670 155.199997 6.921875
15.717949 14.780488 47.578949
12.674157 76.055557 19.762886
30.090910 17.500000 4.900000
68.153847 18.065933 37.625000
10.965517 20.108435 8.338462
24.625000 271.000000 29.000000
55.931034 29.522728 25.304348
14.782609 119.181816 802.500000
53.580647 146.333328 35.675674
53.481480 7.909091 41.647060
4.779661 24.315790 2.480000
16.216217 14.520000 27.039215
20.388889 30.406250 60.677418
9.821053 10.312500 14.621951
9.268042 12.959459 11.782609
12.395833 13.820895 26.439024
1.058824 32.000000 242.000000
25.350878 62.052631 68.230766
18.465754 165.899994 30.545454
3.886364 103.000000 23.465754
23.589285 8.190000 344.200012
161.583328 28.529411 58.793102
22.098040 33.627117 76.800003
6.028572 17.024391 19.176470
17.698629 32.784313 18.895350
12.220000 14.883721 135.571426
3.274725 5.758242 2.548780
22.135136 30.928572 398.799988
5.414286 16.532467 15.178572
43.255814 18.576471 332.166656
23.838236 36.000000 35.654545
22.100000 314.666656 171.714279
35.636364 12.202899 16.977777
96.888885 19.777779 4.000000
35.775509 38.323528 2.714286
16.181818 33.340427 12.266666
10.638298 18.244898 2.736264
38.323528 13.908163 2.720430
64.846153 11.876288 22.191011
38.566666 23.540983 64.272728
92.000000 1.000000 1.020408
518.666687 8.102041 15.886364
346.333344 107.000000 6.097561
42.230770 3.057692 15.285714
3.645161 7.678571 16.799999
0.753846 9.500000 37.305557
1177.000000 17.194445 10.544444
15.359550 3.041667 16.511110
9.109890 41.024391 22.014286
55.333332 6.069767 20.000000
0.370968 8.100000 45.769230
14.647058 19.342857 25.555555
9.034483 23.391304 3.474576
3.586207 23.404255 7.642105
17.283018 52.599998 10.395604
9.112676 12.975308 17.351065
30.607143 15.080460 21.678572
16.615385 5.150000 23.000000
2.520000 8.452381 18.235294
11.089888 5.044776 20.823530
47.555557 9.934426 48.657894
20.083334 64.052635 11.250000
14.796610 22.973684 3.440476
7.683544 50.466667 15.700000
18.333334 41.487179 0.280899
31.588236 1.914634 25.305084
2.700000 35.424999 24.515625
6.547369 24.437500 6.841270
7.494505 3.173913 66.062500
26.224138 6.239130 37.442307
55.954544 13.097561 34.000000
3.769231 63.588234 505.333344
5.775000 359.200012 4.172840
55.363636 31.269842 10.150000
11.360465 307.200012 2.095238
20.116667 19.044445 124.916664
2.490196 20.262295 303.000000
11.260000 103.666664 51.571430
16.986841 63.666668 23.028986
52.263157 9.698795 9.903614
23.129032 14.573334 1.340425
27.518518 7.240000 129.571426
2.294872 10.026316 54.400002
51.818180 16.333334 9.611111
12.358696 26.204546 19.758621
10.054348 37.368420 32.891891
17.196428 18.474577 26.000000
9.209678 18.988373 10.662162
11.615385 35.392159 467.000000
212.142853 4.875000 45.190475
35.814816 9.782051 7.268293
14.180327 18.500000 93.157898
28.162790 5.484536 17.227272
3.176471 6.142857 5.707317
17.575342 45.096775 22.145834
30.645161 38.200001 2.565217
1.880000 30.055555 246.399994
21.681818 21.816092 20.759493
18.396826 15.023809 21.244898
68.919998 11.826087 4.277778
31.396551 28.437500 15.207792
14.157895 175.250000 19.205883
15.116667 104.000000 85.571426
120.444443 13.474748 12.870130
56.125000 14.611111 3.150000
46.000000 40.639999 27.725000
0.000000 2.018518 72.066666
14.866667 20.970589 47.791668
24.593750 23.130434 16.855263
10.625000 10.727273 42.187500
31.258621 18.219513 20.250000
50.588234 24.170732 92.937500
49.846153 61.043480 17.153847
9.000000 13.829268 31.625000
117.444443 5.950000 20.020409
19.259741 1.974359 14.875000
23.277109 15.238806 25.622952
140.166672 19.367817 9.193548
23.690475 17.064936 5.523809
72.769234 38.200001 16.758242
18.622952 36.772728 11.620689
26.454546 5.535714 34.153847
11.478873 26.611111 0.347826
34.960785 6.704082 67.666664
17.625000 13.020000 31.379311
6.454545 171.636368 5.038462
24.545454 22.622641 10.579545
7.770000 9.805970 52.888889
17.805555 13.818182 1.916667
129.333328 43.655174 32.896553
3.276596 13.040816 7.602740
16.826086 38.461540 11.869047
14.714286 17.363636 19.799999
12.542857 7.016667 16.982759
21.838709 10.438356 90.647057
36.313725 20.024096 22.166666
15.594595 145.000000 28.476923
12.343750 6.726027 0.973684
29.620689 10.753086 17.315790
14.047619 37.169811 138.750000
59.388889 16.202381 103.923080
185.714279 24.088236 15.155556
18.763636 1.368421 39.976189
36.205128 26.189190 2.982456
13.836065 43.266666 31.000000
3.747126 4.575000 26.916666
6.909091 4.318681 128.899994
22.040541 7.333333 5.708333
134.071426 8.414142 16.946428
12.287234 8.210526 28.235294
9.459770 19.847458 40.902439
15.182927 8.362638 6.333333
1.818182 16.538462 1.680000
32.950001 6.422222 37.666668
20.142857 69.150002 25.750000
22.877193 26.065790 138.833328
74.384613 6.400000 13.072464
43.666668 146.750000 101.058823
15.166667 20.369864 9.879311
40.846153 19.724489 26.105263
21.129629 23.013334 10.425532
30.306122 9.838710 0.483333
14.721312 22.480000 21.222221
547.000000 12.469136 8.642858
19.243902 71.166664 16.172413
15.406250 33.809525 20.934067
17.532608 23.070423 20.897058
25.402779 4.090909 10.950000
11.505618 13.264368 17.242424
179.000000 12.032258 6.765625
7.337500 1.880000 28.826923
20.600000 56.193550 5.375000
84.312500 2.268293 28.885714
1.511364 8.204545 17.568182
35.325581 30.088888 28.100000
4.046875 26.259260 24.457144
141.000000 7.330000 36.700001
8.750000 20.129629 13.117647
162.333328 13.285714 8.090909
19.754099 58.666668 18.566668
82.529411 86.000000 253.666672
5.537500 46.931034 28.708334
15.217391 10.022727 17.288462
6.770115 13.074074 9.978948
148.000000 11.903226 21.799999
91.476189 7.164179 36.254547
3.236842 10.976471 24.384615
107.277779 10.742424 128.444443
23.239130 43.260868 12.197917
9.483334 10.402597 9.055555
51.538460 23.876713 12.122222
7.865672 67.538460 10.824742
3.647059 2.448276 7.028169
11.507246 26.547619 33.549999
6.828125 13.164835 646.333313
16.031250 19.448277 25.055555
4.119048 5.307693 12.073171
5.767123 35.028572 6.076923
6.716981 22.534246 36.150002
1.321429 25.854839 42.441860
5.400000 26.088888 19.225807
2.810526 0.224138 8.508197
6.989247 23.792208 3.065934
54.250000 13.080808 2.547619
13.197183 23.804878 292.000000
83.000000 149.199997 12.097561
14.671875 347.000000 267.571442
6.833333 5.020000 24.225807
67.800003 13.390804 11.615385
11.728261 68.375000 15.125000
78.050003 35.759258 18.857143
74.699997 18.817074 16.275362
4.675000 16.487179 20.926315
16.296297 1.126437 19.207546
4.676768 63.181820 6.312500
2.119403 3.769231 18.632912
12.731343 16.265306 7.493151
5.931035 31.866667 1877.000000
5.642857 233.000000 0.673077
1.080808 0.890909 265.857147
83.500000 15.588235 4.367347
51.852940 1.885246 25.400000
12.091837 1.020408 13.600000
96.357140 53.685715 21.066668
7.697369 8.793103 71.481483
111.294121 8.985714 175.199997
22.875000 41.029411 5.558442
131.928574 1026.000000 12.206897
9.828125 122.222221 82.176468
9.337349 13.268292 48.888889
7.848485 17.940001 24.127659
16.814816 265.500000 15.953488
12.342857 164.272720 11.914286
99.750000 20.453608 3.903615
8.942307 27.677420 35.342106
3.016129 7.341464 15.280899
89.476189 20.648935 31.862068
126.111115 27.023256 19.278351
2.432836 1811.000000 5.852273
7.090909 5.686275 20.382353
16.530865 15.893617 22.054546
8.488889 61.458332 14.192307
12.851352 12.287879 14.243902
9.678572 6.397436 35.666668
20.914286 43.250000 11.652174
145.000000 7.079545 28.567568
19.825001 61.000000 1.583333
72.157898 17.028572 28.969231
15.989796 26.470589 46.500000
15.747252 44.151516 64.966667
16.736263 26.916666 32.580002
14.565217 2.028986 18.625000
50.059701 0.675676 27.098360
50.095238 191.399994 15.321428
70.000000 8.428572 43.035713
64.758621 16.464788 12.393939
23.750000 20.016394 110.764709
11.125000 14.860215 41.972221
8.640625 9.650794 18.416666
19.639345 12.571428 13.635135
17.079546 16.945946 0.695122
60.766666 8.800000 23.975309
1.200000 17.812500 12.746268
18.900000 29.790697 986.500000
22.750000 23.949152 82.565216
26.500000 18.252747 10.833333
480.750000 0.000000 0.000000
73.230766 63.000000 29.813559
5.526316 18.932203 6.989011
57.777779 8.297297 29.348484
79.454544 62.000000 863.000000
21.057470 0.117647 25.578947
11.545455 11.500000 19.620689
7.255319 23.288136 145.909088
13.651515 14.544118 18.148148
18.769230 116.500000 0.000000
44.151516 5.612903 2.125000
1.724490 14.589744 28.200001
14.338028 6.290323 29.767443
22.176470 38.795456 7.843137
11.872093 37.523811 29.024391
34.041668 15.773809 4.852632
4.580645 2.984375 72.380951
14.205129 12.279570 40.434784
0.395349 13.768421 197.777771
214.666672 18.176470 5.931818
15.948276 578.333313 10.040816
3.402299 37.317074 0.942308
8.982456 28.890909 6.136986
5.156627 6.258427 15.157895
85.571426 11.989473 67.000000
9.421687 7.471428 77.250000
16.670588 3.530000 13.163636
9.459459 18.387096 21.050848
48.500000 29.136364 1.585714
6.721312 263.333344 40.729168
21.288889 19.525000 108.777779
23.763159 158.416672 8.531646
16.217949 7.350649 26.919355
33.352940 19.142857 9.060000
99.823532 31.500000 23.088236
11.333333 14.823529 4.134328
3.777778 18.236841 47.299999
105.153847 31.314285 85.555557
1.266667 60.937500 89.111115
31.346153 12.209302 35.208332
15.077922 27.628571 12.421875
35.468750 16.679012 13.469388
21.348314 8.876288 487.000000
1.628571 84.000000 0.626506
19.578314 477.666656 53.208332
10.428572 4.194445 20.425531
37.479168 76.333336 12.560000
62.034481 42.071430 29.312500
19.406593 10.357895 20.513514
20.894117 107.099998 1238.000000
17.100000 41.388889 34.803921
65.962959 19.841270 18.075949
3.300000 14.037037 26.971428
64.083336 162.833328 6.945946
32.628571 7.151515 145.000000
38.333332 31.125000 19.051949
779.000000 4.950819 23.650602
37.071430 0.144330 24.288136
7.818182 208.625000 23.535715
747.500000 4.602941 11.770492
0.805556 27.875000 111.000000
18.648148 4.968254 17.689655
1.846154 77.818184 40.452381
13.036586 13.131868 34.345455
37.000000 0.096386 63.111111
8.676471 16.068182 6.275862
10.040000 3.230769 72.416664
34.085712 313.000000 74.807693
20.805969 8.955556 9.500000
29.444445 196.000000 45.365852
33.607143 11.693877 18.626373
10.744680 20.088236 172.600006
198.888885 18.695652 32.250000
19.517857 11.557693 104.000000
17.945652 44.111111 29.530613
15.548780 1956.000000 25.557692
52.628571 31.950819 13.861539
15.090909 28.071428 53.264706
27.052631 16.907217 50.243244
23.454546 30.382978 3.907895
51.759998 10.901960 1.453488
62.650002 1.267857 75.199997
7.412371 8.155556 38.806450
36.787235 25.154930 34.652172
16.188679 17.333334 283.000000
33.622223 78.636360 118.375000
658.000000 29.266666 1.813559
0.662500 0.095890 15.909091
260.399994 7.512195 542.000000
12.627907 2.255319 224.600006
19.763159 44.147060 28.775511
19.885714 13.888889 127.777779
24.228069 3.224719 5.206349
11.321428 11.966666 30.934782
24.419355 16.191780 31.155172
10.750000 41.741936 30.068966
2.052632 14.253164 60.689655
4.428571 7.076923 13.363636
48.205883 14.372881 60.166668
95.909088 16.500000 28.511110
95.846153 5.904255 1042.000000
92.857140 61.689655 11.000000
1.473684 24.809525 76.559998
26.509090 1.847458 4.800000
64.050003 64.000000 2.600000
109.000000 13.842105 66.500000
985.000000 64.750000 4.448276
0.137931 7.446429 9.273809
10.877778 2.633333 23.092592
12.283951 43.666668 23.517647
47.400002 23.814816 18.232557
79.000000 1.548387 46.846153
45.031250 69.363640 3.010526
49.666668 9.940476 12.746988
6.240741 93.928574 41.133335
24.666666 18.571428 15.476923
0.897436 31.968750 40.744186
15.413043 73.000000 27.437500
23.666666 11.428572 5.271739
13.186666 27.087719 6.258065
50.512821 613.666687 28.142857
15.194030 19.488373 5.813953
4.733333 7.870968 11.701031
132.000000 28.035088 3.138889
15.400000 43.599998 36.666668
38.090908 27.692308 26.194445
59.799999 14.322222 23.650000
9.445783 11.643836 0.494253
93.400002 62.736843 11.655172
3.328947 91.437500 23.807692
16.269230 70.900002 17.500000
7.250000 65.217392 38.723404
24.789474 0.446154 9.120000
5.102041 18.357895 8.465754
24.712328 9.514706 71.949997
119.300003 33.599998 61.034481
15.178572 36.450981 7.156250
26.697674 12.666667 27.623188
217.111115 3.727273 3.443182
58.750000 3.014286 431.500000
20.000000 11.955056 17.540230
10.597403 55.035713 46.869564
39.222221 17.650000 58.500000
33.338982 5.977528 16.000000
54.064518 32.349998 0.698630
2.602150 92.000000 33.913044
9.860000 10.321839 17.246754
5.784091 7.481482 19.288136
11.000000 20.341463 5.034483
9.600000 110.533333 6.571429
30.508772 43.166668 9.000000
20.606558 79.375000 23.784615
8.625000 18.500000 24.023256
16.047619 18.840580 25.872341
30.236841 27.016666 3.443182
28.395350 13.723684 70.636360
16.804598 8.877551 49.611111
2.103448 45.777779 12.983051
14.313433 31.549999 18.600000
1.583333 33.741936 165.000000
24.529411 6.857143 6.560000
217.571426 13.263158 57.571430
64.611115 5.850000 36.490566
5.840425 42.279068 250.666672
136.000000 564.000000 22.090910
16.193548 128.000000 10.734694
6.411765 26.350000 79.599998
37.083332 7.728395 77.076920
0.603774 39.250000 5.580645
10.980392 36.358490 21.569445
7.586207 11.918367 0.833333
3.894737 27.509090 4.467742
18.173334 30.790697 64.962959
31.350000 28.892307 13.153846
592.333313 165.399994 14.246914
33.510639 21.147541 994.000000
37.744186 22.359550 34.799999
11.461538 65.115387 15.387755
2.475410 19.120481 4.133333
319.666656 13.597701 42.263157
4.771429 63.599998 1.483871
15.842857 21.634615 15.635135
1.186441 9.000000 37.075001
17.977011 13.000000 4.779221
51.142857 6.323529 38.578949
38.352940 16.892473 99.666664
4.910714 1638.000000 14.729167
20.166666 19.283333 9.602151
31.896551 326.000000 40.833332
9.577778 16.548388 7.645161
13.014493 21.681818 9.166667
8.977273 23.197531 7.896552
19.928572 36.837837 112.400002
5.706666 17.766666 43.892857
23.901640 9.070588 24.250000
53.160000 3.440678 59.062500
8.786517 8.112904 20.186047
1247.000000 2.460317 29.250000
87.277779 24.564102 16.772728
0.485714 4.853659 24.246574
25.519230 14.409638 16.947369
11.806452 10.777778 351.000000
34.849056 29.535715 17.543478
50.923077 14.666667 5.932584
32.239132 40.628571 0.822222
16.772728 17.785715 178.142853
11.724490 16.071428 250.500000
4.666667 11.344086 54.772728
9.076087 9.489583 12.200000
82.625000 5.793103 13.259259
19.727272 1.784314 1.318681
69.913040 6.576271 0.626374
14.177083 3.478261 5.510204
1.855263 24.833334 40.766666
14.305085 4.470588 119.636360
3.647887 6.411765 1972.000000
0.493827 9.555555 16.812500
1.710000 23.109375 50.950001
43.153847 31.745455 13.100000
1.317460 6.000000 13.350515
26.363636 38.866665 6.564103
9.577319 12.821428 158.777771
887.000000 79.315788 9.050632
25.413794 10.833333 209.111115
100.277779 16.534883 17.957144
110.125000 6.230000 10.450000
99.421051 190.875000 3.035088
16.538462 12.106667 1.688312
65.199997 41.617020 1.375000
131.230774 17.517241 13.590909
6.354839 6.465754 8.532258
21.210526 1.559524 24.157894
35.355556 1.301887 7.115385
30.666666 1.447059 2.322581
12.187500 12.870588 13.684783
124.900002 6.306667 327.000000
45.657894 26.447762 10.000000
72.833336 32.840908 11.985294
41.977272 8.391304 43.333332
150.500000 4.000000 176.777771
3.074468 28.841270 24.843138
2.109091 21.634146 26.200001
37.042553 31.358974 44.666668
18.944445 32.980392 17.533333
12.750000 54.176472 26.742424
232.000000 1.380952 58.461540
6.640450 21.218750 4.384615
15.571428 49.785713 20.206522
20.705883 8.413794 1.729167
13.953488 11.000000 12.512500
17.153847 13.783505 7.206897
17.031746 169.000000 45.884617
19.638889 291.000000 158.166672
10.148149 22.841463 0.975000
3.000000 19.315218 2.064516
0.392857 1.770492 42.629631
7.294872 15.000000 20.029411
13.244445 1.725000 16.140844
9.431579 14.408451 65.000000
232.199997 25.769230 31.590910
0.985714 15.076923 5.296296
10.550000 12.958763 19.641026
18.322035 559.666687 48.038460
26.042553 18.166666 19.083334
21.294872 76.368423 10.262627
11.578947 92.235291 39.320000
13.454545 224.666672 9.985075
3.769231 10.223684 59.444443
33.967743 6.615385 16.056179
40.272728 19.714285 5.298851
213.000000 3.400000 9.666667
36.631580 17.134020 43.151516
41.095238 10.609756 19.860214
18.000000 27.772728 165.000000
38.882355 223.500000 97.555557
77.400002 2.571429 50.030304
28.145834 13.462687 27.518518
0.847458 7.842105 19.696970
17.557142 279.600006 6.649351
37.666668 33.535713 38.777779
31.432432 9.794871 9.437500
12.890909 85.692307 110.909088
4.084507 4.000000 1.486111
15.988889 4.888889 98.599998
2.166667 3.145833 17.132076
60.625000 26.589041 1.086022
21.253969 35.381817 56.299999
14.514286 9.282353 14.200000
827.500000 26.875000 0.500000
7.923077 98.500000 12.484536
90.550003 8.886792 63.639999
6.322581 1.977273 26.303030
31.358490 333.500000 2.979382
4.164948 9.442105 11.784946
18.290001 8.666667 2.323529
28.913044 10.157895 0.948718
0.847222 908.000000 7.896907
0.814815 1749.000000 49.615383
43.829269 7.106383 12.451612
40.588234 20.893618 12.741936
4.115385 34.226414 31.904762
17.222221 9.494506 8.193548
16.246574 8.659091 0.734694
60.227272 22.770493 21.038961
131.090912 79.680000 50.299999
3.539474 16.428572 48.904762
32.400002 5.325843 6.160494
30.000000 53.090908 17.207792
18.884615 5.527778 9.338028
2.534483 11.217391 29.380953
5.250000 11.407408 19.979382
12.906250 5.754717 31.086206
27.111111 32.297298 59.904762
10.881721 24.174603 24.717949
2.062500 20.424242 3.698795
2.000000 15.607142 5.697369
17.049999 34.137932 19.382978
5.052083 14.303030 10.012048
9.329897 23.275862 48.950001
29.977272 21.382353 31.612904
22.549295 11.307693 18.381578
19.666666 8.526316 1.020202
23.128204 23.266666 44.099998
50.206898 35.156250 28.000000
1.525000 2.948718 14.791209
35.208332 27.666666 121.545456
19.365385 11.521276 40.729729
124.300003 9.177778 2.700000
20.847826 3.927083 44.179485
8.469388 29.785715 104.352943
29.621212 20.507246 36.092594
20.684210 57.066666 50.062500
1.530612 19.168831 144.833328
125.111115 21.464285 17.987179
18.523256 122.916664 999.000000
18.142857 32.976746 17.264706
11.981482 80.750000 12.397436
3.114286 2.378947 6.861538
52.200001 32.327869 63.535713
5.269231 10.215384 108.500000
97.875000 15.541177 1.135417
6.068965 42.892857 12.380953
26.750000 23.975904 5.898876
12.452381 10.028169 11.336957
43.909092 3.223881 299.399994
23.140625 15.836364 4.865854
0.019231 30.000000 43.666668
0.852273 23.227272 5.833333
17.463768 52.555557 13.233334
8.172043 62.433334 20.535212
17.750000 13.534483 20.973684
1.900000 3.555556 4.902778
46.000000 83.761902 10.304878
38.882355 0.033333 3.430108
15.679012 12.204545 8.520833
9.115789 409.750000 18.011236
16.382978 19.353659 10.119047
73.230766 11.265625 19.588236
77.750000 41.893616 2.711111
52.666668 61.464287 32.548386
22.039474 13.074627 2.851852
6.305555 14.534883 76.000000
5.775862 26.578947 14.000000
54.166668 11.173913 19.711864
29.370371 78.000000 37.676472
198.777771 103.388885 10.473118
63.758621 2.828947 24.958904
3.965517 10.456522 29.000000
14.095238 18.135593 21.372093
8.640000 5.795699 14.835616
16.123287 46.974358 34.571430
16.108696 11.490196 91.800003
18.816326 16.392857 14.647058
10.088889 17.225000 96.882355
35.250000 17.732143 18.272728
23.011627 108.416664 20.572916
88.090912 34.842106 3.655172
3.643678 21.027779 310.250000
1.440000 3.764706 11.707317
10.387755 4.583333 75.250000
5.176471 4.255319 48.107143
110.444443 7.160000 936.500000
17.395605 13.976191 61.275864
348.000000 3.707865 0.272727
46.956520 15.108109 21.307692
16.705128 23.214285 5.625000
13.254237 13.205480 15.394737
11.202899 22.241936 86.099998
20.500000 85.500000 6.656716
8.632912 25.904762 52.538460
19.385714 17.293104 27.846153
163.125000 26.914286 21.871429
291.799988 10.868132 32.019230
131.375000 22.349207 154.000000
13.573771 1.231884 26.038462
120.416664 121.000000 29.760870
15.777778 11.174603 35.972221
161.571426 25.714285 11.189655
323.000000 3.515152 8.479167
6.744186 17.197369 18.714285
2.934426 77.000000 18.297873
38.384617 14.981818 4.166667
24.656250 19.243902 23.799999
21.107143 34.875000 3.273684
84.666664 72.533333 332.250000
142.111115 30.929825 2.105263
104.909088 7.772152 37.599998
8.333333 8.617284 25.218182
12.139240 39.307693 22.543478
15.200000 10.797297 53.724136
48.105263 21.619566 10.920000
918.000000 4.818182 69.958336
26.633333 4.377551 29.941177
38.238094 3.945946 12.595238
5.552083 25.060606 5.789474
37.000000 642.333313 26.905405
30.299999 8.203125 88.400002
16.361702 34.250000 30.680851
10.586957 40.176472 7.448718
10.562500 17.795918 8.591398
33.692307 17.272728 12.937500
16.760563 24.500000 17.620689
11.333333 13.431034 4.318182
6.072289 35.565216 29.584906
11.100000 16.930555 94.157898
46.964287 17.553572 18.879999
55.371429 9.750000 40.400002
24.920000 2.560000 74.291664
30.549999 12.308511 33.153847
10.357142 17.938461 7.666667
32.716980 65.722221 6.913580
9.156863 11.103448 22.217392
497.750000 27.694445 5.113924
13.240506 7.446429 4.637500
23.666666 14.930000 7.036145
87.750000 0.369565 14.610526
221.375000 19.966667 48.193550
6.789474 217.000000 7.333333
6.474576 1820.000000 6.663043
9.170213 18.337662 10.783505
10.333333 14.500000 7.789474
27.808823 2.955056 0.900000
50.950001 5.228070 20.728813
42.571430 53.473682 9.132530
15.738095 3.081081 67.333336
2.413793 20.526316 21.727272
17.348484 49.599998 208.833328
74.800003 16.057142 29.854166
35.218750 3.144330 28.890625
43.454544 16.220339 12.315789
11.610169 22.772728 14.900000
11.074468 28.789474 13.540000
15.760000 88.210526 174.500000
8.384615 49.666668 40.976189
37.288460 19.618557 17.489130
0.242105 6.949367 1.132653
32.574074 10.925926 10.742268
21.166666 55.058823 68.789474
17.871796 9.689655 44.294117
21.279570 17.674698 66.896553
67.125000 22.671053 15.571428
162.000000 89.266670 43.142857
13.125000 14.527778 20.481928
0.557895 0.618557 2.285714
151.000000 58.031250 37.880001
50.428570 23.314285 20.887096
62.904762 128.153839 11.358974
34.919998 42.909092 40.956520
30.421053 5.352941 47.400002
7.620000 5.351648 11.951220
11.858696 6.625000 763.000000
26.416666 7.647727 3.516667
42.181820 16.524590 20.688889
8.602273 30.660000 87.105263
14.887640 5.153846 9.780000
7.800000 34.442307 4.685714
10.244898 11.128205 11.050000
1589.000000 27.780001 19.729731
10.210526 39.714287 67.571426
4.597938 22.848484 31.500000
88.142860 140.000000 12.333333
28.600000 15.693877 23.893333
8.878049 24.947369 3.793103
14.844156 15.285714 21.571428
575.666687 2.027027 16.729731
11.540541 16.977272 328.799988
17.243244 10.731343 26.906250
37.307693 8.895522 11.658228
21.615385 2.500000 55.916668
12.410000 30.176470 60.212120
66.933334 7.210000 1.530303
46.935482 29.296297 13.575758
36.552631 34.631580 17.811111
179.555557 41.875000 20.794872
99.125000 8.230769 55.187500
17.786516 14.543859 8.903614
10.757895 15.333333 72.099998
21.936508 14.346154 400.000000
23.768116 1.319149 33.594593
22.500000 400.750000 14.712644
94.875000 7.260000 28.363636
42.148937 17.473684 21.500000
27.282608 15.611111 2.041667
11.711111 11.057971 14.152542
168.727280 19.783333 14.191176
23.166666 23.054794 191.750000
8.625000 22.607843 29.941177
13.584616 0.772152 42.636364
2.960000 8.877778 38.400002
774.000000 41.555557 10.645162
26.355932 14.241758 52.612904
68.045456 13.666667 10.383333
274.000000 52.343750 34.434784
85.545456 40.707317 18.181818
1726.000000 7.546667 65.535713
9.000000 6.392857 19.304348
28.833334 10.015625 28.169231
22.440001 15.400000 10.125000
56.260868 44.812500 61.944443
7.244681 21.187500 128.000000
14.750000 14.569231 36.090908
33.052631 18.493671 42.847828
3.086957 21.121212 21.250000
21.911112 13.355556 66.944443
11.022988 52.068966 47.903225
29.000000 20.767443 4.871795
27.953846 44.677418 114.199997
33.552631 50.173912 451.000000
31.444445 38.288460 5.448979
26.666666 21.261906 26.486111
13.043011 5.519231 19.544117
14.468085 13.910448 28.777779
25.400000 0.768293 79.222221
59.827587 6.873418 85.916664
325.200012 29.923077 7.082474
19.528301 5.802631 22.591549
4.023530 12.226666 14.936171
1.766667 26.470589 15.433333
18.040403 28.566668 3.101124
20.727272 64.258064 0.562500
29.666666 64.199997 26.341463
30.916666 31.266666 32.781250
19.000000 29.333334 20.671053
18.758621 16.804348 19.000000
5.812500 53.387096 19.094595
16.978260 10.898990 9.383333
131.666672 23.611940 15.482353
21.581081 7.818182 58.400002
3.851351 143.166672 33.965519
90.222221 18.666666 519.500000
9.129630 25.760000 2.516667
0.893617 45.473682 59.363636
100.199997 6.119048 37.651161
31.614035 23.409090 43.868420
49.393940 70.842102 19.209303
42.847828 24.852942 1.666667
75.285713 33.772728 19.043478
3.450000 19.837210 21.435898
23.026667 3.010526 24.944445
18.358974 36.677418 2.744444
21.338028 214.500000 153.800003
77.666664 2.529412 5.565217
16.609756 32.243904 0.553191
69.500000 14.660714 10.144928
11.870588 15.131313 35.086956
15.707317 11.285714 148.285721
7.146068 243.750000 0.272727
11.137931 8.971429 32.672726
24.514706 12.483146 135.166672
12.011905 80.875000 105.857140
26.260870 4.476191 4.717647
38.894737 5.037037 6.103093
49.769230 61.545456 29.980770
68.821426 1.794872 0.712766
41.448277 20.559999 175.909088
8.763441 198.399994 1.906977
16.954546 93.368423 6.686567
31.309525 88.954544 24.086956
12.476191 11.406250 61.250000
7.710844 13.666667 11.968750
5.363636 1.808824 11.500000
179.000000 10.071428 7.000000
18.978260 456.000000 14.363636
21.366667 19.833334 12.065574
11.506494 11.487804 17.670887
22.049999 21.900000 31.000000
16.584906 14.419354 6.550000
3.128205 19.457144 69.000000
33.473682 8.629213 245.399994
6.803030 28.000000 7.975308
147.750000 24.705883 10.833333
11.266666 44.441177 10.978948
17.600000 11.789474 1.052632
20.246376 5.515152 0.204545
28.288136 380.000000 9.216666
8.357142 11.106383 53.160000
30.250000 15.275362 32.080002
7.573771 5.057471 539.500000
15.519481 39.083332 20.709677
3.234375 24.117647 20.178947
20.730770 873.000000 665.666687
375.000000 17.906250 18.000000
26.486486 39.904762 51.277779
27.056337 16.954546 17.878048
46.951218 6.014925 12.380953
2.871795 9.569767 44.714287
90.529411 136.461533 9.762887
10.357142 21.768293 27.852459
23.648649 15.773196 66.750000
2.510638 16.731182 13.202899
69.333336 20.876404 0.160000
13.080000 43.472221 28.000000
17.872726 11.463768 11.068182
46.871796 74.181816 19.837837
13.583333 45.171429 3.351064
5.025000 24.852459 5.987179
60.758621 63.428570 38.121952
18.585859 35.843750 47.628571
15.354167 5.209302 25.966667
14.470589 48.769230 2.360000
22.698629 17.297297 1484.000000
29.829786 18.125000 5.979167
0.343284 60.565216 22.901640
46.279999 11.073171 3.253731
13.840000 26.000000 8.397261
8.830986 0.721311 61.896553
7.058824 27.487804 20.018518
357.399994 10.111111 9.086957
16.027027 2.666667 29.203125
44.733334 2.216216 19.733334
25.952381 41.690475 14.949495
8.827957 29.551020 49.466667
0.013889 27.205479 12.166667
17.948454 16.895350 16.653334
8.219178 9.046154 20.060976
44.023254 7.762887 17.244186
32.672413 17.659090 9.758064
3.750000 29.437500 1.488636
61.119999 12.823529 2.894737
91.545456 3.195876 228.375000
15.465754 34.342857 1.815789
12.600000 34.571430 24.660378
17.000000 35.021740 1.000000
19.526316 15.190476 43.599998
28.376812 71.000000 13.894737
20.152174 46.366665 152.230774
22.882353 28.645161 13.071428
31.083334 12.571428 6.500000
46.902439 40.534885 465.250000
51.150002 1.059701 4.988636
9.736842 14.896552 28.875000
25.588236 27.724638 9.062500
27.723404 14.194445 3.468354
0.397959 17.096386 13.303030
102.466667 145.100006 15.837210
15.578947 3.804878 115.230766
20.263737 170.818176 112.153847
130.357147 32.857143 16.294117
8.805195 1.640000 25.810810
1.687500 12.235294 14.270270
8.851851 14.032609 18.714285
15.698795 20.305555 34.380951
4.887324 28.517241 5.108696
3.938776 19.986841 53.266666
18.762501 9.329787 22.279070
10.168421 34.310345 15.389610
19.444445 51.735294 94.000000
71.916664 14.333333 23.454546
43.230770 10.090909 19.505262
60.714287 7.727273 14.261905
29.378788 23.741936 7.909091
42.320000 10.885715 28.435898
10.361111 2.151515 12.326087
11.227273 9.043956 23.689655
25.907692 73.400002 13.000000
7.775862 18.204546 17.389610
14.747475 2.166667 30.951612
14.634409 4.578948 115.187500
13.022223 19.979166 19.989899
85.937500 23.580645 3.757576
5.214286 40.591835 5.682927
67.000000 5.320988 2.941176
28.015625 23.690475 19.670330
88.062500 27.231884 151.090912
7.890110 2.777778 925.500000
11.232324 36.685184 2.041667
53.071430 20.777779 7.883117
310.000000 68.250000 10.771085
201.250000 14.837838 78.692307
38.047619 21.078947 45.500000
32.315788 180.300003 21.654545
21.243589 6.916667 23.097561
18.529411 5.528302 37.414635
17.239130 49.810810 25.397058
26.923077 17.454546 52.914288
5.666667 60.687500 19.333334
12.210000 28.072727 7.413043
39.395348 10.000000 14.355556
21.860466 8.355263 71.533333
12.729730 6.982143 9.704545
